1
1 1
7
1
1 2
1
1
2 1
1
1
1 3
2
1
3 1
400
1
1 4
2
1
4 1
5
1
1 5
1
1
5 1
8000
1
1 157892
157891
1
157892 1
157893
2
1 2
1 2
2
2 1
1 111
2
1 3
1 1
2
3 1
2 2
2
3 1
2 2
2
1 4
1 5
2
4 1
2 1
2
1 5
4 60 
2
5 1
3 3
2
1 157892
157800 93
2
157892 1
199999 57892
3
1 3
1 1 2
3
1 4
1 1 1
3
4 1
1 1 1
3
1 5
3 1 2
3
5 1
2 45 2
3
1 157892
157000 8 92
3
157892 1
100000 57001 892
9
3 3
1 1 1 1 1 1 1 1 2
7
3 3
1 1 1 1 1 1 2
6
3 3
1 1 2 2 2 100
4
3 3
3 3 1 1
1
3 3
8
16
7 23
7 8 8 8 8 21 8 8 8 8 8 12 12 12 12 12
21
7 23
16 8 8 8 7 2 4 4 2 2 7 2 8 8 7 8 12 6 12 6 25
0
