1
1 1
1
1
1 2
2
1
2 1
2
1
1 3
3
1
3 1
3
1
1 4
4
1
4 1
4
1
1 5
5
1
5 1
5
1
1 157892
157892
1
157892 1
157892
2
1 2
1 1
2
2 1
1 1
2
1 3
1 2
2
3 1
1 2
2
3 1
2 1
2
1 4
1 3
2
4 1
2 2
2
1 5
4 1 
2
5 1
3 2
2
1 157892
157800 92
2
157892 1
100000 57892
3
1 3
1 1 1
3
1 4
1 2 1
3
4 1
2 1 1
3
1 5
3 1 1
3
5 1
2 1 2
3
1 157892
157000 800 92
3
157892 1
100000 57000 892
9
3 3
1 1 1 1 1 1 1 1 1
7
3 3
1 1 1 2 1 1 2
6
3 3
1 1 2 2 2 1
4
3 3
3 4 1 1
1
3 3
9
16
7 23
8 8 8 8 8 21 8 8 8 8 8 12 12 12 12 12
21
7 23
16 8 8 8 7 2 4 4 2 2 7 2 8 8 7 8 12 6 12 6 24
0
